# Migration versions production had applied when 010_schema.sql was dumped.
# Generated by scripts/db-local.mjs — do not hand-edit.
20260217000000
20260228000000
20260302000000
20260302010000
20260302020000
20260302030000
20260305000000
20260305010000
20260305020000
20260305030000
20260306000000
20260309000000
20260310000000
20260310010000
20260401000000
20260401010000
20260401020000
20260403000000
20260410000000
20260413000000
20260413010000
20260424000000
20260430000000
20260518000000
20260522000000
20260610000000
20260620000000
20260620010000
20260620020000
20260815000000
20260817000000
20260817010000
20260820000000
20260820010000
20260821000000
20260821010000
20260821020000
20260822000000
20260822010000
20260823000000
20260823010000
20260823020000
20260823030000
20260826000000
20260826010000
20260826020000
20260826030000
20260826040000
20260828000000
20260828010000
20260828020000
20260828030000
20260828040000
20260828050000
20260828060000
20260829000000
20260829010000
20260829020000
20260829030000
20260829040000
20260829050000
20260829060000
20260829070000
20260829205051
20260831000000
20260901000000
20260902000000
20260902010000
20260902020000
20260902030000
20260902040000
20260903000000
20260907000000
20260907010000
20260907020000
20260910000000
20260911000000
20260913000000
